48
1 0 0
0.906913 0.421318 0
0.813826 0.400751 0.420816
0.906913 -0.020567 0.420816
0.906913 -0.241509 -0.345228
0.720739 -0.061701 -0.690455
0.627652 0.359617 -0.690455
0.720739 0.601127 -0.345228
0.682181 -0.291162 0.670711
0.457449 -0.653275 0.603301
0.364362 -0.894784 0.258074
0.457449 -0.874217 -0.162742
0.682181 -0.603622 -0.412637
0.496007 0.551474 0.670711
0.271275 0.280879 0.920607
0.364362 -0.140439 0.920607
0.364362 0.834848 -0.412637
0.046543 0.98557 -0.162742
-0.046543 0.965003 0.258074
0.13963 0.785195 0.603301
0.271275 0.593338 -0.757865
0.496007 -0.423813 -0.757865
0.085101 -0.5146 -0.853197
-0.271275 -0.280879 -0.920607
-0.364362 0.140439 -0.920607
-0.13963 0.502552 -0.853197
0.046543 -0.965003 -0.258074
-0.13963 -0.785195 -0.603301
-0.046543 -0.98557 0.162742
0.13963 -0.502552 0.853197
-0.271275 -0.593338 0.757865
-0.364362 -0.834848 0.412637
-0.085101 0.5146 0.853197
-0.496007 0.423813 0.757865
-0.720739 0.061701 0.690455
-0.627652 -0.359617 0.690455
-0.457449 0.874217 0.162742
-0.682181 0.603622 0.412637
-0.364362 0.894784 -0.258074
-0.457449 0.653275 -0.603301
-0.682181 0.291162 -0.670711
-0.496007 -0.551474 -0.670711
-0.813826 -0.400751 -0.420816
-0.906913 0.020567 -0.420816
-0.720739 -0.601127 0.345228
-0.906913 -0.421318 0
-0.906913 0.241509 0.345228
-1 0 0
0

52
1 4  64 0  4  0 1 2 3
1 0 30 0  4  3 2 1 0
1 4 128 0  6  1 0 4 5 6 7
1 0 31 0  6  7 6 5 4 0 1
1 4  32 0  8  4 0 3 8 9 10 11 12
1 0 29 0  8  12 11 10 9 8 3 0 4
1 4 128 0  6  8 3 2 13 14 15
1 0 31 0  6  15 14 13 2 3 8
1 4  32 0  8  13 2 1 7 16 17 18 19
1 0 29 0  8  19 18 17 16 7 1 2 13
1 4  64 0  4  16 7 6 20
1 0 30 0  4  20 6 7 16
1 4  32 0  8  20 6 5 21 22 23 24 25
1 0 29 0  8  25 24 23 22 21 5 6 20
1 4  64 0  4  21 5 4 12
1 0 30 0  4  12 4 5 21
1 4 128 0  6  21 12 11 26 27 22
1 0 31 0  6  22 27 26 11 12 21
1 4  64 0  4  26 11 10 28
1 0 30 0  4  28 10 11 26
1 4 128 0  6  28 10 9 29 30 31
1 0 31 0  6  31 30 29 9 10 28
1 4  64 0  4  29 9 8 15
1 0 30 0  4  15 8 9 29
1 4  32 0  8  29 15 14 32 33 34 35 30
1 0 29 0  8  30 35 34 33 32 14 15 29
1 4  64 0  4  32 14 13 19
1 0 30 0  4  19 13 14 32
1 4 128 0  6  32 19 18 36 37 33
1 0 31 0  6  33 37 36 18 19 32
1 4  64 0  4  36 18 17 38
1 0 30 0  4  38 17 18 36
1 4 128 0  6  38 17 16 20 25 39
1 0 31 0  6  39 25 20 16 17 38
1 4  64 0  4  39 25 24 40
1 0 30 0  4  40 24 25 39
1 4 128 0  6  40 24 23 41 42 43
1 0 31 0  6  43 42 41 23 24 40
1 4  64 0  4  41 23 22 27
1 0 30 0  4  27 22 23 41
1 4  32 0  8  41 27 26 28 31 44 45 42
1 0 29 0  8  42 45 44 31 28 26 27 41
1 4  64 0  4  44 31 30 35
1 0 30 0  4  35 30 31 44
1 4 128 0  6  44 35 34 46 47 45
1 0 31 0  6  45 47 46 34 35 44
1 4  64 0  4  46 34 33 37
1 0 30 0  4  37 33 34 46
1 4  32 0  8  46 37 36 38 39 40 43 47
1 0 29 0  8  47 43 40 39 38 36 37 46
1 4  64 0  4  47 43 42 45
1 0 30 0  4  45 42 43 47
