8
1 0 0
0.333333 0.942809 0
-0.333333 0.471405 0.816497
0.333333 -0.471405 0.816497
0.333333 -0.471405 -0.816497
-0.333333 0.471405 -0.816497
-0.333333 -0.942809 0
-1 0 0

0
6
1 5  64 0  4  0 1 2 3  7 0.99 0.01  0.01 0.01  0.01 0.99  0.99 0.99
1 5  80 0  4  1 0 4 5  8 0.99 0.01  0.01 0.01  0.01 0.99  0.99 0.99
1 5  96 0  4  4 0 3 6  9 0.99 0.01  0.01 0.01  0.01 0.99  0.99 0.99
1 5  80 0  4  6 3 2 7  8 0.99 0.01  0.01 0.01  0.01 0.99  0.99 0.99
1 5  96 0  4  7 2 1 5  9 0.99 0.01  0.01 0.01  0.01 0.99  0.99 0.99
1 5  64 0  4  7 5 4 6  7 0.99 0.01  0.01 0.01  0.01 0.99  0.99 0.99
