6
1.2 0 0
0 1.2 0
0 0 1.2
0 0 -1.2
0 -1.2 0
-1.2 0 0

0
8
1 5 1 0   3  0 1 2  11  0.5 0.5    0.01 0.01  0.01 0.99
1 5 1 0   3  1 0 3  11  0.01 0.01  0.5 0.5    0.99 0.01
1 5 1 0   3  3 0 4  11  0.99 0.01  0.5 0.5    0.99 0.99
1 5 1 0   3  4 0 2  11  0.99 0.99  0.5 0.5    0.01 0.99
1 5 1 0   3  4 2 5  11  0.99 0.99  0.01 0.99  0.5 0.5
1 5 1 0   3  5 2 1  11  0.5 0.5    0.01 0.99  0.01 0.01
1 5 1 0   3  5 1 3  11  0.5 0.5    0.01 0.01  0.99 0.01
1 5 1 0   3  5 3 4  11  0.5 0.5    0.99 0.01  0.99 0.99
