8
  -0.75 -0.75 -0.75
  -0.75 -0.75  0.75
  -0.75  0.75 -0.75
  -0.75  0.75  0.75
   0.75 -0.75 -0.75
   0.75 -0.75  0.75
   0.75  0.75 -0.75
   0.75  0.75  0.75

0
6
  1 5  64 0  4  0 1 3 2  12 0.99 0.01  0.01 0.01  0.01 0.99  0.99 0.99
  1 5  64 0  4  6 7 5 4  12 0.99 0.01  0.01 0.01  0.01 0.99  0.99 0.99
  1 5  64 0  4  0 2 6 4  13 0.99 0.01  0.01 0.01  0.01 0.99  0.99 0.99
  1 5  64 0  4  5 7 3 1  13 0.99 0.01  0.01 0.01  0.01 0.99  0.99 0.99
  1 5  64 0  4  4 5 1 0  14 0.99 0.01  0.01 0.01  0.01 0.99  0.99 0.99
  1 5  64 0  4  2 3 7 6  14 0.99 0.01  0.01 0.01  0.01 0.99  0.99 0.99
