paleta label byte
DB 0,0,0
db 63,63,0
db 63,60,0
db 63,56,0
db 63,52,0
db 63,48,0
db 63,44,0
db 63,40,0
db 63,36,0
db 63,32,0
db 63,28,0
db 63,24,0
db 63,20,0
db 63,16,0
db 63,12,0
db 63,8,0
db 63,4,0
db 63,0,0
db 63,0,10
db 63,0,20
db 63,0,30
db 63,0,40
db 63,0,50
db 63,0,63
db 50,0,63
db 40,0,63
db 30,0,63
db 20,0,63
db 10,0,63
db 0,0,63
db 0,15,63
db 0,30,63
db 0,45,63
db 0,60,63
db 7,50,50
db 14,40,40
db 21,30,30
db 28,28,28
db 21,21,30
db 14,14,40
db 7,7,50
db 0,0,63
db 5,9,63
db 10,18,63
db 15,27,63
db 20,36,63
db 22,38,48
db 24,40,30
db 26,42,15
db 28,44,0
db 33,44,0
db 38,44,0
db 43,44,0
db 48,44,0
db 53,44,0
db 63,44,0
db 63,40,0
db 63,36,0
db 63,30,0
db 63,28,0
db 63,20,6
db 63,12,12
db 63,8,18
db 63,4,24