dw  0 , 1 , 2 , 3 , 4 , 5 , 6 , 7 
dw  8 , 9 , 10 , 11 , 12 , 13 , 14 , 15 
dw  16 , 17 , 18 , 19 , 20 , 21 , 22 , 23 
dw  24 , 25 , 26 , 27 , 28 , 29 , 30 , 31 
dw  32 , 33 , 34 , 35 , 36 , 37 , 38 , 39 
dw  40 , 41 , 42 , 43 , 44 , 45 , 46 , 47 
dw  48 , 49 , 50 , 51 , 52 , 53 , 54 , 55 
dw  56 , 57 , 58 , 59 , 320 , 321 , 322 , 323 
dw  324 , 325 , 326 , 327 , 328 , 329 , 330 , 331 
dw  332 , 333 , 334 , 335 , 336 , 337 , 338 , 339 
dw  340 , 341 , 342 , 343 , 344 , 345 , 346 , 347 
dw  348 , 349 , 350 , 351 , 352 , 353 , 354 , 355 
dw  356 , 357 , 358 , 359 , 360 , 361 , 362 , 363 
dw  364 , 365 , 366 , 367 , 368 , 369 , 370 , 371 
dw  372 , 373 , 374 , 375 , 376 , 377 , 378 , 379 
dw  640 , 641 , 642 , 643 , 644 , 645 , 646 , 647 
dw  648 , 649 , 650 , 651 , 652 , 653 , 654 , 655 
dw  656 , 657 , 658 , 659 , 660 , 661 , 662 , 663 
dw  664 , 665 , 666 , 667 , 668 , 669 , 670 , 671 
dw  672 , 673 , 674 , 675 , 676 , 677 , 678 , 679 
dw  680 , 681 , 682 , 683 , 684 , 685 , 686 , 687 
dw  688 , 689 , 690 , 691 , 692 , 693 , 694 , 695 
dw  696 , 697 , 698 , 699 , 960 , 961 , 962 , 963 
dw  964 , 965 , 966 , 967 , 968 , 969 , 970 , 971 
dw  972 , 973 , 974 , 975 , 976 , 977 , 978 , 979 
dw  980 , 981 , 982 , 983 , 984 , 985 , 986 , 987 
dw  988 , 989 , 990 , 991 , 992 , 993 , 994 , 995 
dw  996 , 997 , 998 , 999 , 1000 , 1001 , 1002 , 1003 
dw  1004 , 1005 , 1006 , 1007 , 1008 , 1009 , 1010 , 1011 
dw  1012 , 1013 , 1014 , 1015 , 1016 , 1017 , 1018 , 1019 
dw  1280 , 1281 , 1282 , 1283 , 1284 , 1285 , 1286 , 1287 
dw  1288 , 1289 , 1290 , 1291 , 1292 , 1293 , 1294 , 1295 
dw  1296 , 1297 , 1298 , 1299 , 1300 , 1301 , 1302 , 1303 
dw -6381 ,-5419 ,-4777 ,-4455 ,-4133 ,-3812 ,-3810 ,-3808 
dw -4127 ,-4445 ,-4763 ,-5401 ,-6359 , 1317 , 1318 , 1319 
dw  1320 , 1321 , 1322 , 1323 , 1324 , 1325 , 1326 , 1327 
dw  1328 , 1329 , 1330 , 1331 , 1332 , 1333 , 1334 , 1335 
dw  1336 , 1337 , 1338 , 1339 , 1600 , 1601 , 1602 , 1603 
dw  1604 , 1605 , 1606 , 1607 , 1608 , 1609 , 1610 , 1611 
dw  1612 , 1613 , 1614 , 1615 , 1616 , 1617 , 1618 , 1619 
dw  1620 ,-5107 ,-4144 ,-3181 ,-2539 ,-1897 ,-1576 ,-1254 
dw -933 ,-931 ,-930 ,-929 ,-927 ,-1246 ,-1564 ,-1883 
dw -2521 ,-3159 ,-4116 ,-5073 , 1640 , 1641 , 1642 , 1643 
dw  1644 , 1645 , 1646 , 1647 , 1648 , 1649 , 1650 , 1651 
dw  1652 , 1653 , 1654 , 1655 , 1656 , 1657 , 1658 , 1659 
dw  1920 , 1921 , 1922 , 1923 , 1924 , 1925 , 1926 , 1927 
dw  1928 , 1929 , 1930 , 1931 , 1932 , 1933 , 1934 , 1935 
dw  1936 , 1937 ,-5754 ,-4150 ,-2866 ,-1903 ,-941 ,-299 
dw  22 , 344 , 665 , 987 , 988 , 989 , 990 , 991 
dw  992 , 993 , 675 , 356 , 38 ,-281 ,-919 ,-1877 
dw -2834 ,-4110 ,-5706 , 1963 , 1964 , 1965 , 1966 , 1967 
dw  1968 , 1969 , 1970 , 1971 , 1972 , 1973 , 1974 , 1975 
dw  1976 , 1977 , 1978 , 1979 , 2240 , 2241 , 2242 , 2243 
dw  2244 , 2245 , 2246 , 2247 , 2248 , 2249 , 2250 , 2251 
dw  2252 , 2253 , 2254 , 2255 , 2256 ,-3513 ,-1909 ,-946 
dw -303 , 339 , 981 , 1302 , 1624 , 1945 , 2266 , 2267 
dw  2268 , 2589 , 2590 , 2591 , 2272 , 2273 , 2274 , 1955 
dw  1636 , 1318 , 999 , 361 ,-277 ,-914 ,-1871 ,-3467 
dw  2284 , 2285 , 2286 , 2287 , 2288 , 2289 , 2290 , 2291 
dw  2292 , 2293 , 2294 , 2295 , 2296 , 2297 , 2298 , 2299 
dw  2560 , 2561 , 2562 , 2563 , 2564 , 2565 , 2566 , 2567 
dw  2568 , 2569 , 2570 , 2571 , 2572 , 2573 , 2574 ,-3518 
dw -1913 ,-629 , 334 , 977 , 1619 , 1940 , 2582 , 2583 
dw  2904 , 3225 , 3226 , 3547 , 3548 , 3549 , 3550 , 3551 
dw  3552 , 3553 , 3234 , 3235 , 2916 , 2597 , 2598 , 1960 
dw  1641 , 1003 , 366 ,-591 ,-1867 ,-3462 , 2606 , 2607 
dw  2608 , 2609 , 2610 , 2611 , 2612 , 2613 , 2614 , 2615 
dw  2616 , 2617 , 2618 , 2619 , 2880 , 2881 , 2882 , 2883 
dw  2884 , 2885 , 2886 , 2887 , 2888 , 2889 , 2890 , 2891 
dw  2892 , 2893 ,-2238 ,-633 , 331 , 1294 , 1936 , 2578 
dw  2900 , 3221 , 3543 , 3864 , 3865 , 4186 , 4187 , 4188 
dw  4188 , 4189 , 4510 , 4191 , 4192 , 4192 , 4193 , 4194 
dw  3875 , 3876 , 3557 , 3239 , 2920 , 2602 , 1964 , 1326 
dw  369 ,-587 ,-2182 , 2927 , 2928 , 2929 , 2930 , 2931 
dw  2932 , 2933 , 2934 , 2935 , 2936 , 2937 , 2938 , 2939 
dw  3200 , 3201 , 3202 , 3203 , 3204 , 3205 , 3206 , 3207 
dw  3208 , 3209 , 3210 , 3211 , 3212 ,-1279 , 6 , 1290 
dw  1933 , 2576 , 3218 , 3540 , 3861 , 4182 , 4183 , 4504 
dw  4505 , 4826 , 4827 , 4828 , 4829 , 5149 , 5150 , 5151 
dw  4831 , 4832 , 4833 , 4834 , 4515 , 4516 , 4197 , 4198 
dw  3879 , 3560 , 3242 , 2604 , 1967 , 1330 , 54 ,-1221 
dw  3248 , 3249 , 3250 , 3251 , 3252 , 3253 , 3254 , 3255 
dw  3256 , 3257 , 3258 , 3259 , 3520 , 3521 , 3522 , 3523 
dw  3524 , 3525 , 3526 , 3527 , 3528 , 3529 , 3530 , 3531 
dw -640 , 966 , 1930 , 2573 , 3215 , 3857 , 4179 , 4501 
dw  4502 , 4823 , 5144 , 5145 , 5146 , 5466 , 5467 , 5468 
dw  5469 , 5469 , 5470 , 5471 , 5471 , 5472 , 5473 , 5474 
dw  5154 , 5155 , 5156 , 4837 , 4518 , 4519 , 4201 , 3883 
dw  3245 , 2607 , 1970 , 1014 ,-580 , 3569 , 3570 , 3571 
dw  3572 , 3573 , 3574 , 3575 , 3576 , 3577 , 3578 , 3579 
dw  3840 , 3841 , 3842 , 3843 , 3844 , 3845 , 3846 , 3847 
dw  3848 , 3849 , 3850 ,-2 , 1284 , 2249 , 3212 , 3855 
dw  4177 , 4499 , 4820 , 5141 , 5142 , 5463 , 5464 , 5785 
dw  5786 , 5787 , 5787 , 6108 , 6109 , 6109 , 6110 , 6111 
dw  6111 , 6112 , 5793 , 5793 , 5794 , 5795 , 5476 , 5477 
dw  5158 , 5159 , 4840 , 4521 , 4203 , 3885 , 3248 , 2291 
dw  1336 , 62 , 3890 , 3891 , 3892 , 3893 , 3894 , 3895 
dw  3896 , 3897 , 3898 , 3899 , 4160 , 4161 , 4162 , 4163 
dw  4164 , 4165 , 4166 , 4167 , 4168 , 4169 , 316 , 1923 
dw  2887 , 3531 , 4174 , 4496 , 4818 , 5139 , 5461 , 5782 
dw  5783 , 5784 , 6105 , 6106 , 6106 , 6427 , 6428 , 6428 
dw  6429 , 6429 , 6430 , 6431 , 6431 , 6432 , 6432 , 6433 
dw  6114 , 6114 , 6115 , 5796 , 5797 , 5798 , 5479 , 5161 
dw  4842 , 4524 , 4206 , 3569 , 2933 , 1977 , 384 , 4211 
dw  4212 , 4213 , 4214 , 4215 , 4216 , 4217 , 4218 , 4219 
dw  4480 , 4481 , 4482 , 4483 , 4484 , 4485 , 4486 , 4487 
dw  4488 , 633 , 1920 , 3206 , 3850 , 4493 , 4815 , 5137 
dw  5459 , 5780 , 5781 , 6102 , 6103 , 6424 , 6425 , 6426 
dw  6746 , 6747 , 6748 , 6748 , 6749 , 6749 , 6750 , 6751 
dw  6751 , 6752 , 6752 , 6753 , 6754 , 6434 , 6435 , 6436 
dw  6117 , 6118 , 5799 , 5800 , 5481 , 5163 , 4845 , 4527 
dw  3890 , 3254 , 1980 , 707 , 4532 , 4533 , 4534 , 4535 
dw  4536 , 4537 , 4538 , 4539 , 4800 , 4801 , 4802 , 4803 
dw  4804 , 4805 , 4806 , 4807 , 629 , 2238 , 3204 , 4168 
dw  4812 , 5134 , 5456 , 5778 , 6099 , 6101 , 6422 , 6423 
dw  6744 , 6745 , 6745 , 6746 , 7067 , 7067 , 7068 , 7068 
dw  7069 , 7069 , 7070 , 7071 , 7071 , 7072 , 7072 , 7073 
dw  7073 , 6754 , 6755 , 6755 , 6756 , 6437 , 6438 , 6119 
dw  6121 , 5802 , 5484 , 5166 , 4848 , 4212 , 3256 , 2302 
dw  711 , 4853 , 4854 , 4855 , 4856 , 4857 , 4858 , 4859 
dw  5120 , 5121 , 5122 , 5123 , 5124 , 5125 , 5126 , 5127 
dw  2234 , 3521 , 4166 , 4810 , 5453 , 5775 , 6097 , 6099 
dw  6420 , 6741 , 6742 , 6743 , 7064 , 7065 , 7065 , 7066 
dw  7067 , 7387 , 7388 , 7388 , 7389 , 7389 , 7390 , 7391 
dw  7391 , 7392 , 7392 , 7393 , 7073 , 7074 , 7075 , 7075 
dw  7076 , 6757 , 6758 , 6759 , 6440 , 6121 , 6123 , 5805 
dw  5487 , 4850 , 4214 , 3579 , 2306 , 5173 , 5174 , 5175 
dw  5176 , 5177 , 5178 , 5179 , 5440 , 5441 , 5442 , 5443 
dw  5444 , 5445 , 5446 , 2229 , 3518 , 4484 , 5128 , 5452 
dw  6094 , 6096 , 6418 , 6739 , 6741 , 7062 , 7063 , 7064 
dw  7384 , 7385 , 7386 , 7386 , 7387 , 7387 , 7388 , 7709 
dw  7709 , 7710 , 7710 , 7710 , 7711 , 7711 , 7392 , 7393 
dw  7393 , 7394 , 7394 , 7395 , 7396 , 7076 , 7077 , 7078 
dw  6759 , 6761 , 6442 , 6124 , 6126 , 5488 , 5172 , 4536 
dw  3582 , 2311 , 5494 , 5495 , 5496 , 5497 , 5498 , 5499 
dw  5760 , 5761 , 5762 , 5763 , 5764 , 5765 , 1902 , 3514 
dw  4481 , 5126 , 5770 , 6093 , 6415 , 6737 , 6738 , 7060 
dw  7061 , 7382 , 7383 , 7384 , 7385 , 7705 , 7706 , 7706 
dw  7707 , 7708 , 7708 , 7709 , 7709 , 7710 , 7710 , 7710 
dw  7711 , 7711 , 7712 , 7712 , 7713 , 7714 , 7714 , 7715 
dw  7395 , 7396 , 7397 , 7398 , 7079 , 7080 , 6762 , 6763 
dw  6445 , 6127 , 5810 , 5174 , 4539 , 3586 , 1998 , 5815 
dw  5816 , 5817 , 5818 , 5819 , 6080 , 6081 , 6082 , 6083 
dw  6084 , 6085 , 3187 , 4477 , 5443 , 5768 , 6411 , 6734 
dw  6736 , 7058 , 7059 , 7380 , 7381 , 7702 , 7703 , 7704 
dw  7705 , 7705 , 7706 , 8027 , 8027 , 8028 , 8028 , 8029 
dw  8029 , 8030 , 8030 , 8030 , 8031 , 8031 , 8032 , 8032 
dw  8033 , 8033 , 7714 , 7715 , 7715 , 7716 , 7717 , 7718 
dw  7399 , 7400 , 7081 , 7082 , 6764 , 6766 , 6449 , 5812 
dw  5497 , 4543 , 3273 , 6135 , 6136 , 6137 , 6138 , 6139 
dw  6400 , 6401 , 6402 , 6403 , 6404 , 6405 , 4471 , 5439 
dw  6085 , 6409 , 6732 , 7054 , 7056 , 7378 , 7379 , 7701 
dw  7702 , 7703 , 8023 , 8024 , 8025 , 8025 , 8026 , 8027 
dw  8027 , 8028 , 8028 , 8029 , 8029 , 8030 , 8030 , 8030 
dw  8031 , 8031 , 8032 , 8032 , 8033 , 8033 , 8034 , 8035 
dw  8035 , 8036 , 8037 , 7717 , 7718 , 7719 , 7401 , 7402 
dw  7084 , 7086 , 6768 , 6451 , 6135 , 5501 , 4549 , 6455 
dw  6456 , 6457 , 6458 , 6459 , 6720 , 6721 , 6722 , 6723 
dw  6724 , 4144 , 5434 , 6081 , 6406 , 6730 , 7053 , 7375 
dw  7377 , 7698 , 7700 , 8021 , 8022 , 8023 , 8024 , 8024 
dw  8025 , 8346 , 8346 , 8347 , 8347 , 8348 , 8348 , 8349 
dw  8349 , 8350 , 8350 , 8350 , 8351 , 8351 , 8352 , 8352 
dw  8353 , 8353 , 8354 , 8354 , 8035 , 8036 , 8036 , 8037 
dw  8038 , 8039 , 7720 , 7722 , 7403 , 7405 , 7087 , 6770 
dw  6454 , 6139 , 5506 , 4236 , 6776 , 6777 , 6778 , 6779 
dw  7040 , 7041 , 7042 , 7043 , 7044 , 5107 , 6077 , 6723 
dw  7048 , 7371 , 7373 , 7696 , 7697 , 8019 , 8020 , 8021 
dw  8022 , 8343 , 8344 , 8344 , 8345 , 8346 , 8346 , 8347 
dw  8347 , 8348 , 8348 , 8669 , 8669 , 8670 , 8670 , 8670 
dw  8671 , 8671 , 8352 , 8352 , 8353 , 8353 , 8354 , 8354 
dw  8355 , 8356 , 8356 , 8357 , 8038 , 8039 , 8040 , 8041 
dw  7723 , 7724 , 7407 , 7409 , 7092 , 6777 , 6143 , 5193 
dw  7096 , 7097 , 7098 , 7099 , 7360 , 7361 , 7362 , 7363 
dw  7364 , 6070 , 6719 , 7044 , 7368 , 7692 , 7694 , 8016 
dw  8018 , 8339 , 8340 , 8341 , 8342 , 8343 , 8344 , 8665 
dw  8665 , 8666 , 8666 , 8667 , 8667 , 8668 , 8668 , 8669 
dw  8669 , 8670 , 8670 , 8670 , 8671 , 8671 , 8672 , 8672 
dw  8673 , 8673 , 8674 , 8674 , 8675 , 8675 , 8356 , 8357 
dw  8358 , 8359 , 8360 , 8361 , 8042 , 8044 , 7726 , 7728 
dw  7412 , 7096 , 6781 , 6150 , 7416 , 7417 , 7418 , 7419 
dw  7680 , 7681 , 7682 , 7683 , 6060 , 6712 , 7040 , 7685 
dw  7689 , 8012 , 8014 , 8336 , 8338 , 8339 , 8341 , 8662 
dw  8662 , 8663 , 8664 , 8665 , 8665 , 8666 , 8666 , 8667 
dw  8667 , 8668 , 8668 , 8669 , 8669 , 8670 , 8670 , 8670 
dw  8671 , 8671 , 8672 , 8672 , 8673 , 8673 , 8674 , 8674 
dw  8675 , 8675 , 8676 , 8677 , 8678 , 8678 , 8359 , 8361 
dw  8362 , 8364 , 8046 , 8048 , 7731 , 7735 , 7100 , 6788 
dw  6160 , 7737 , 7738 , 7739 , 8000 , 8001 , 8002 , 8003 
dw  6703 , 7354 , 7681 , 8006 , 8010 , 8333 , 8335 , 8337 
dw  8658 , 8660 , 8661 , 8662 , 8663 , 8663 , 8984 , 8985 
dw  8985 , 8986 , 8986 , 8987 , 8987 , 8988 , 8988 , 8989 
dw  8989 , 8990 , 8990 , 8990 , 8991 , 8991 , 8992 , 8992 
dw  8993 , 8993 , 8994 , 8994 , 8995 , 8995 , 8996 , 8677 
dw  8677 , 8678 , 8679 , 8680 , 8682 , 8363 , 8365 , 8367 
dw  8050 , 8054 , 7739 , 7426 , 6797 , 8057 , 8058 , 8059 
dw  8320 , 8321 , 8322 , 8323 , 7345 , 7675 , 8002 , 8327 
dw  8330 , 8653 , 8655 , 8657 , 8658 , 8980 , 8981 , 8982 
dw  8983 , 8983 , 8984 , 8985 , 8985 , 8986 , 8986 , 8987 
dw  8987 , 8988 , 8988 , 8989 , 8989 , 8990 , 8990 , 8990 
dw  8991 , 8991 , 8992 , 8992 , 8993 , 8993 , 8994 , 8994 
dw  8995 , 8995 , 8996 , 8997 , 8997 , 8998 , 8999 , 9000 
dw  8682 , 8683 , 8685 , 8687 , 8370 , 8373 , 8058 , 7745 
dw  7435 , 8377 , 8378 , 8379 , 8640 , 8641 , 8642 , 8643 
dw  7986 , 8316 , 8643 , 8647 , 8651 , 8973 , 8975 , 8977 
dw  8979 , 8980 , 8981 , 8982 , 8983 , 9304 , 9304 , 9305 
dw  9305 , 9306 , 9307 , 9307 , 9307 , 9308 , 9308 , 9309 
dw  9309 , 9310 , 9310 , 9310 , 9311 , 9311 , 9312 , 9312 
dw  9313 , 9313 , 9313 , 9314 , 9315 , 9315 , 9316 , 9316 
dw  8997 , 8998 , 8999 , 9000 , 9001 , 9003 , 9005 , 9007 
dw  8689 , 8693 , 8697 , 8384 , 8074 , 8697 , 8698 , 8699 
dw  8960 , 8961 , 8962 , 8963 , 8627 , 8637 , 8963 , 8967 
dw  8971 , 8973 , 9295 , 9297 , 9299 , 9300 , 9301 , 9302 
dw  9303 , 9304 , 9304 , 9305 , 9305 , 9306 , 9307 , 9307 
dw  9307 , 9308 , 9308 , 9309 , 9309 , 9310 , 9310 , 9310 
dw  9311 , 9311 , 9312 , 9312 , 9313 , 9313 , 9313 , 9314 
dw  9315 , 9315 , 9316 , 9316 , 9317 , 9318 , 9319 , 9320 
dw  9321 , 9323 , 9325 , 9007 , 9009 , 9013 , 9017 , 8703 
dw  8713 , 9017 , 9018 , 9019 , 9280 , 9281 , 9282 , 9283 
dw  8948 , 9277 , 9283 , 9288 , 9291 , 9293 , 9296 , 9297 
dw  9299 , 9300 , 9301 , 9302 , 9303 , 9624 , 9624 , 9625 
dw  9625 , 9626 , 9627 , 9627 , 9627 , 9628 , 9628 , 9629 
dw  9629 , 9630 , 9630 , 9630 , 9631 , 9631 , 9632 , 9632 
dw  9633 , 9633 , 9633 , 9634 , 9635 , 9635 , 9636 , 9636 
dw  9317 , 9318 , 9319 , 9320 , 9321 , 9323 , 9324 , 9327 
dw  9329 , 9332 , 9337 , 9343 , 9032 , 9337 , 9338 , 9339 
dw  9600 , 9601 , 9602 , 9603 , 9588 , 9597 , 9603 , 9608 
dw  9611 , 9614 , 9616 , 9617 , 9619 , 9620 , 9621 , 9622 
dw  9623 , 9624 , 9624 , 9625 , 9625 , 9626 , 9627 , 9627 
dw  9627 , 9628 , 9628 , 9629 , 9629 , 9630 , 9630 , 9630 
dw  9631 , 9631 , 9632 , 9632 , 9633 , 9633 , 9633 , 9634 
dw  9635 , 9635 , 9636 , 9636 , 9637 , 9638 , 9639 , 9640 
dw  9641 , 9643 , 9644 , 9646 , 9649 , 9652 , 9657 , 9663 
dw  9672 , 9657 , 9658 , 9659 , 9920 , 9921 , 9922 , 9923 
dw  10228 , 9917 , 9923 , 9928 , 9931 , 9933 , 9936 , 9937 
dw  9939 , 9940 , 9941 , 9942 , 9943 , 9624 , 9624 , 9625 
dw  9625 , 9626 , 9627 , 9627 , 9627 , 9628 , 9628 , 9629 
dw  9629 , 9630 , 9630 , 9630 , 9631 , 9631 , 9632 , 9632 
dw  9633 , 9633 , 9633 , 9634 , 9635 , 9635 , 9636 , 9636 
dw  9957 , 9958 , 9959 , 9960 , 9961 , 9963 , 9964 , 9967 
dw  9969 , 9972 , 9977 , 9983 , 10312 , 9977 , 9978 , 9979 
dw  10240 , 10241 , 10242 , 10243 , 10547 , 10557 , 10243 , 10247 
dw  10251 , 10253 , 9935 , 9937 , 9939 , 9940 , 9941 , 9942 
dw  9943 , 9944 , 9944 , 9945 , 9945 , 9946 , 9947 , 9947 
dw  9947 , 9948 , 9948 , 9949 , 9949 , 9950 , 9950 , 9950 
dw  9951 , 9951 , 9952 , 9952 , 9953 , 9953 , 9953 , 9954 
dw  9955 , 9955 , 9956 , 9956 , 9957 , 9958 , 9959 , 9960 
dw  9961 , 9963 , 9965 , 10287 , 10289 , 10293 , 10297 , 10623 
dw  10633 , 10297 , 10298 , 10299 , 10560 , 10561 , 10562 , 10563 
dw  11186 , 10876 , 10563 , 10567 , 10571 , 10253 , 10255 , 10257 
dw  10259 , 10260 , 10261 , 10262 , 10263 , 9944 , 9944 , 9945 
dw  9945 , 9946 , 9947 , 9947 , 9947 , 9948 , 9948 , 9949 
dw  9949 , 9950 , 9950 , 9950 , 9951 , 9951 , 9952 , 9952 
dw  9953 , 9953 , 9953 , 9954 , 9955 , 9955 , 9956 , 9956 
dw  10277 , 10278 , 10279 , 10280 , 10281 , 10283 , 10285 , 10287 
dw  10609 , 10613 , 10617 , 10944 , 11274 , 10617 , 10618 , 10619 
dw  10880 , 10881 , 10882 , 10883 , 11825 , 11515 , 11202 , 10887 
dw  10890 , 10573 , 10575 , 10577 , 10578 , 10260 , 10261 , 10262 
dw  10263 , 10263 , 10264 , 10265 , 10265 , 10266 , 10266 , 10267 
dw  10267 , 10268 , 10268 , 10269 , 10269 , 10270 , 10270 , 10270 
dw  10271 , 10271 , 10272 , 10272 , 10273 , 10273 , 10274 , 10274 
dw  10275 , 10275 , 10276 , 10277 , 10277 , 10278 , 10279 , 10280 
dw  10602 , 10603 , 10605 , 10607 , 10930 , 10933 , 11258 , 11585 
dw  11915 , 10937 , 10938 , 10939 , 11200 , 11201 , 11202 , 11203 
dw  12463 , 11834 , 11521 , 11206 , 11210 , 10893 , 10895 , 10897 
dw  10578 , 10580 , 10581 , 10582 , 10583 , 10583 , 10264 , 10265 
dw  10265 , 10266 , 10266 , 10267 , 10267 , 10268 , 10268 , 10269 
dw  10269 , 10270 , 10270 , 10270 , 10271 , 10271 , 10272 , 10272 
dw  10273 , 10273 , 10274 , 10274 , 10275 , 10275 , 10276 , 10597 
dw  10597 , 10598 , 10599 , 10600 , 10602 , 10923 , 10925 , 10927 
dw  11250 , 11254 , 11579 , 11906 , 12557 , 11257 , 11258 , 11259 
dw  11520 , 11521 , 11522 , 11523 , 13100 , 12472 , 12160 , 11525 
dw  11529 , 11212 , 11214 , 10896 , 10898 , 10899 , 10901 , 10582 
dw  10582 , 10583 , 10584 , 10585 , 10585 , 10586 , 10586 , 10587 
dw  10587 , 10588 , 10588 , 10589 , 10589 , 10590 , 10590 , 10590 
dw  10591 , 10591 , 10592 , 10592 , 10593 , 10593 , 10594 , 10594 
dw  10595 , 10595 , 10596 , 10597 , 10598 , 10598 , 10919 , 10921 
dw  10922 , 10924 , 11246 , 11248 , 11571 , 11575 , 12220 , 12548 
dw  13200 , 11577 , 11578 , 11579 , 11840 , 11841 , 11842 , 11843 
dw  11844 , 13110 , 12479 , 12164 , 11848 , 11532 , 11534 , 11216 
dw  11218 , 10899 , 10900 , 10901 , 10902 , 10903 , 10904 , 10585 
dw  10585 , 10586 , 10586 , 10587 , 10587 , 10588 , 10588 , 10589 
dw  10589 , 10590 , 10590 , 10590 , 10591 , 10591 , 10592 , 10592 
dw  10593 , 10593 , 10594 , 10594 , 10595 , 10595 , 10916 , 10917 
dw  10918 , 10919 , 10920 , 10921 , 11242 , 11244 , 11566 , 11568 
dw  11892 , 12216 , 12541 , 13190 , 11896 , 11897 , 11898 , 11899 
dw  12160 , 12161 , 12162 , 12163 , 12164 , 14067 , 13117 , 12483 
dw  12168 , 11851 , 11853 , 11536 , 11537 , 11219 , 11220 , 11221 
dw  11222 , 10903 , 10904 , 10904 , 10905 , 10906 , 10906 , 10907 
dw  10907 , 10908 , 10908 , 10589 , 10589 , 10590 , 10590 , 10590 
dw  10591 , 10591 , 10912 , 10912 , 10913 , 10913 , 10914 , 10914 
dw  10915 , 10916 , 10916 , 10917 , 11238 , 11239 , 11240 , 11241 
dw  11563 , 11564 , 11887 , 11889 , 12212 , 12537 , 13183 , 14153 
dw  12216 , 12217 , 12218 , 12219 , 12480 , 12481 , 12482 , 12483 
dw  12484 , 15024 , 13754 , 13121 , 12806 , 12490 , 12173 , 11855 
dw  11857 , 11538 , 11540 , 11221 , 11222 , 11223 , 11224 , 11224 
dw  11225 , 10906 , 10906 , 10907 , 10907 , 10908 , 10908 , 10909 
dw  10909 , 10910 , 10910 , 10910 , 10911 , 10911 , 10912 , 10912 
dw  10913 , 10913 , 10914 , 10914 , 11235 , 11236 , 11236 , 11237 
dw  11238 , 11239 , 11560 , 11562 , 11883 , 11885 , 12207 , 12530 
dw  12854 , 13179 , 13826 , 15116 , 12536 , 12537 , 12538 , 12539 
dw  12800 , 12801 , 12802 , 12803 , 12804 , 12805 , 14711 , 13759 
dw  13125 , 12809 , 12492 , 12174 , 12176 , 11858 , 11859 , 11541 
dw  11542 , 11543 , 11223 , 11224 , 11225 , 11225 , 11226 , 11227 
dw  11227 , 11228 , 11228 , 11229 , 11229 , 11230 , 11230 , 11230 
dw  11231 , 11231 , 11232 , 11232 , 11233 , 11233 , 11234 , 11235 
dw  11235 , 11236 , 11237 , 11557 , 11558 , 11559 , 11881 , 11882 
dw  12204 , 12206 , 12528 , 12851 , 13175 , 13821 , 14789 , 12855 
dw  12856 , 12857 , 12858 , 12859 , 13120 , 13121 , 13122 , 13123 
dw  13124 , 13125 , 15987 , 14717 , 13763 , 13448 , 12811 , 12494 
dw  12496 , 12178 , 12179 , 11860 , 11861 , 11542 , 11543 , 11544 
dw  11545 , 11545 , 11546 , 11227 , 11227 , 11228 , 11228 , 11229 
dw  11229 , 11230 , 11230 , 11230 , 11231 , 11231 , 11232 , 11232 
dw  11233 , 11233 , 11554 , 11555 , 11555 , 11556 , 11557 , 11558 
dw  11879 , 11880 , 12201 , 12202 , 12524 , 12526 , 12849 , 13492 
dw  13817 , 14783 , 16073 , 13175 , 13176 , 13177 , 13178 , 13179 
dw  13440 , 13441 , 13442 , 13443 , 13444 , 13445 , 17262 , 15674 
dw  14721 , 14086 , 13450 , 13133 , 12815 , 12497 , 12498 , 12180 
dw  12181 , 11862 , 11863 , 11864 , 11865 , 11545 , 11546 , 11546 
dw  11547 , 11548 , 11548 , 11549 , 11549 , 11550 , 11550 , 11550 
dw  11551 , 11551 , 11552 , 11552 , 11553 , 11554 , 11554 , 11555 
dw  11875 , 11876 , 11877 , 11878 , 12199 , 12200 , 12522 , 12523 
dw  12845 , 13167 , 13490 , 14134 , 14779 , 15746 , 17358 , 13495 
dw  13496 , 13497 , 13498 , 13499 , 13760 , 13761 , 13762 , 13763 
dw  13764 , 13765 , 13766 , 16949 , 15678 , 14724 , 14088 , 13772 
dw  13134 , 13136 , 12818 , 12499 , 12501 , 12182 , 12183 , 12184 
dw  11864 , 11865 , 11866 , 11866 , 11867 , 11867 , 11868 , 11549 
dw  11549 , 11550 , 11550 , 11550 , 11551 , 11551 , 11872 , 11873 
dw  11873 , 11874 , 11874 , 11875 , 11876 , 12196 , 12197 , 12198 
dw  12519 , 12521 , 12842 , 13164 , 13166 , 13808 , 14132 , 14776 
dw  15742 , 17031 , 13814 , 13815 , 13816 , 13817 , 13818 , 13819 
dw  14080 , 14081 , 14082 , 14083 , 14084 , 14085 , 14086 , 14087 
dw  16954 , 15681 , 15046 , 14410 , 13773 , 13455 , 13137 , 13139 
dw  12820 , 12501 , 12502 , 12503 , 12184 , 12185 , 12185 , 12186 
dw  12187 , 11867 , 11868 , 11868 , 11869 , 11869 , 11870 , 11871 
dw  11871 , 11872 , 11872 , 11873 , 12193 , 12194 , 12195 , 12195 
dw  12196 , 12517 , 12518 , 12519 , 12840 , 13161 , 13163 , 13485 
dw  13807 , 14450 , 15094 , 15739 , 17026 , 14133 , 14134 , 14135 
dw  14136 , 14137 , 14138 , 14139 , 14400 , 14401 , 14402 , 14403 
dw  14404 , 14405 , 14406 , 14407 , 18549 , 16958 , 16004 , 15048 
dw  14412 , 14094 , 13776 , 13458 , 13139 , 13141 , 12822 , 12823 
dw  12504 , 12505 , 12505 , 12506 , 12187 , 12187 , 12188 , 12188 
dw  12189 , 12189 , 12190 , 12191 , 12191 , 12192 , 12192 , 12193 
dw  12193 , 12514 , 12515 , 12515 , 12516 , 12837 , 12838 , 13159 
dw  13161 , 13482 , 13804 , 14126 , 14448 , 15092 , 16056 , 17022 
dw  18631 , 14453 , 14454 , 14455 , 14456 , 14457 , 14458 , 14459 
dw  14720 , 14721 , 14722 , 14723 , 14724 , 14725 , 14726 , 14727 
dw  14728 , 18553 , 17280 , 16006 , 15370 , 14733 , 14415 , 14097 
dw  13779 , 13460 , 13461 , 13142 , 13143 , 12824 , 12825 , 12826 
dw  12506 , 12507 , 12508 , 12508 , 12509 , 12509 , 12510 , 12511 
dw  12511 , 12512 , 12512 , 12513 , 12514 , 12834 , 12835 , 12836 
dw  13157 , 13158 , 13479 , 13480 , 13801 , 14123 , 14445 , 14767 
dw  15410 , 16054 , 17340 , 18627 , 14772 , 14773 , 14774 , 14775 
dw  14776 , 14777 , 14778 , 14779 , 15040 , 15041 , 15042 , 15043 
dw  15044 , 15045 , 15046 , 15047 , 15048 , 15049 , 18876 , 17283 
dw  16327 , 15691 , 15054 , 14736 , 14418 , 14099 , 13781 , 13462 
dw  13463 , 13464 , 13145 , 13146 , 13146 , 12827 , 12828 , 12828 
dw  12829 , 12829 , 12830 , 12831 , 12831 , 12832 , 12832 , 12833 
dw  13154 , 13154 , 13155 , 13476 , 13477 , 13478 , 13799 , 14121 
dw  14442 , 14764 , 15086 , 15729 , 16373 , 17337 , 18944 , 15091 
dw  15092 , 15093 , 15094 , 15095 , 15096 , 15097 , 15098 , 15099 
dw  15360 , 15361 , 15362 , 15363 , 15364 , 15365 , 15366 , 15367 
dw  15368 , 15369 , 15370 , 19198 , 17924 , 16969 , 16012 , 15375 
dw  15057 , 14739 , 14420 , 14101 , 14102 , 13783 , 13784 , 13465 
dw  13466 , 13467 , 13467 , 13148 , 13149 , 13149 , 13150 , 13151 
dw  13151 , 13152 , 13473 , 13473 , 13474 , 13475 , 13796 , 13797 
dw  14118 , 14119 , 14440 , 14761 , 15083 , 15405 , 16048 , 17011 
dw  17976 , 19262 , 15410 , 15411 , 15412 , 15413 , 15414 , 15415 
dw  15416 , 15417 , 15418 , 15419 , 15680 , 15681 , 15682 , 15683 
dw  15684 , 15685 , 15686 , 15687 , 15688 , 15689 , 15690 , 15691 
dw  19840 , 18246 , 17290 , 16653 , 16015 , 15377 , 15059 , 14741 
dw  14742 , 14423 , 14104 , 14105 , 14106 , 13786 , 13787 , 13788 
dw  13789 , 13789 , 13790 , 13791 , 13791 , 13792 , 13793 , 13794 
dw  14114 , 14115 , 14116 , 14437 , 14758 , 14759 , 15081 , 15403 
dw  16045 , 16687 , 17330 , 18294 , 19900 , 15729 , 15730 , 15731 
dw  15732 , 15733 , 15734 , 15735 , 15736 , 15737 , 15738 , 15739 
dw  16000 , 16001 , 16002 , 16003 , 16004 , 16005 , 16006 , 16007 
dw  16008 , 16009 , 16010 , 16011 , 16012 , 20481 , 19206 , 17930 
dw  17293 , 16656 , 16018 , 15700 , 15381 , 15062 , 15063 , 14744 
dw  14745 , 14426 , 14427 , 14428 , 14429 , 14109 , 14110 , 14111 
dw  14431 , 14432 , 14433 , 14434 , 14755 , 14756 , 15077 , 15078 
dw  15399 , 15720 , 16042 , 16684 , 17327 , 17970 , 19254 , 20539 
dw  16048 , 16049 , 16050 , 16051 , 16052 , 16053 , 16054 , 16055 
dw  16056 , 16057 , 16058 , 16059 , 16320 , 16321 , 16322 , 16323 
dw  16324 , 16325 , 16326 , 16327 , 16328 , 16329 , 16330 , 16331 
dw  16332 , 16333 , 21442 , 19847 , 18891 , 17934 , 17296 , 16658 
dw  16340 , 16021 , 15703 , 15384 , 15385 , 15066 , 15067 , 15068 
dw  15068 , 15069 , 14750 , 15071 , 15072 , 15072 , 15073 , 15074 
dw  15395 , 15396 , 15717 , 16039 , 16360 , 16682 , 17324 , 17966 
dw  18929 , 19893 , 21498 , 16367 , 16368 , 16369 , 16370 , 16371 
dw  16372 , 16373 , 16374 , 16375 , 16376 , 16377 , 16378 , 16379 
dw  16640 , 16641 , 16642 , 16643 , 16644 , 16645 , 16646 , 16647 
dw  16648 , 16649 , 16650 , 16651 , 16652 , 16653 , 16654 , 22722 
dw  21127 , 19851 , 18894 , 18257 , 17619 , 17300 , 16662 , 16663 
dw  16344 , 16025 , 16026 , 15707 , 15708 , 15709 , 15710 , 15711 
dw  15712 , 15713 , 16034 , 16035 , 16356 , 16677 , 16678 , 17320 
dw  17641 , 18283 , 18926 , 19889 , 21173 , 22778 , 16686 , 16687 
dw  16688 , 16689 , 16690 , 16691 , 16692 , 16693 , 16694 , 16695 
dw  16696 , 16697 , 16698 , 16699 , 16960 , 16961 , 16962 , 16963 
dw  16964 , 16965 , 16966 , 16967 , 16968 , 16969 , 16970 , 16971 
dw  16972 , 16973 , 16974 , 16975 , 16976 , 22727 , 21131 , 20174 
dw  19537 , 18899 , 18261 , 17942 , 17624 , 17305 , 16986 , 16987 
dw  16988 , 16669 , 16670 , 16671 , 16992 , 16993 , 16994 , 17315 
dw  17636 , 17958 , 18279 , 18921 , 19563 , 20206 , 21169 , 22773 
dw  17004 , 17005 , 17006 , 17007 , 17008 , 17009 , 17010 , 17011 
dw  17012 , 17013 , 17014 , 17015 , 17016 , 17017 , 17018 , 17019 
dw  17280 , 17281 , 17282 , 17283 , 17284 , 17285 , 17286 , 17287 
dw  17288 , 17289 , 17290 , 17291 , 17292 , 17293 , 17294 , 17295 
dw  17296 , 17297 , 24966 , 23370 , 22094 , 21137 , 20179 , 19541 
dw  19222 , 18904 , 18585 , 18267 , 18268 , 18269 , 18270 , 18271 
dw  18272 , 18273 , 18595 , 18916 , 19238 , 19559 , 20201 , 21163 
dw  22126 , 23410 , 25014 , 17323 , 17324 , 17325 , 17326 , 17327 
dw  17328 , 17329 , 17330 , 17331 , 17332 , 17333 , 17334 , 17335 
dw  17336 , 17337 , 17338 , 17339 , 17600 , 17601 , 17602 , 17603 
dw  17604 , 17605 , 17606 , 17607 , 17608 , 17609 , 17610 , 17611 
dw  17612 , 17613 , 17614 , 17615 , 17616 , 17617 , 17618 , 17619 
dw  17620 , 24333 , 23376 , 22419 , 21781 , 21143 , 20824 , 20506 
dw  20187 , 20189 , 20190 , 20191 , 20193 , 20514 , 20836 , 21157 
dw  21799 , 22441 , 23404 , 24367 , 17640 , 17641 , 17642 , 17643 
dw  17644 , 17645 , 17646 , 17647 , 17648 , 17649 , 17650 , 17651 
dw  17652 , 17653 , 17654 , 17655 , 17656 , 17657 , 17658 , 17659 
dw  17920 , 17921 , 17922 , 17923 , 17924 , 17925 , 17926 , 17927 
dw  17928 , 17929 , 17930 , 17931 , 17932 , 17933 , 17934 , 17935 
dw  17936 , 17937 , 17938 , 17939 , 17940 , 17941 , 17942 , 17943 
dw  25619 , 24661 , 24023 , 23705 , 23387 , 23068 , 23070 , 23072 
dw  23393 , 23715 , 24037 , 24679 , 25641 , 17957 , 17958 , 17959 
dw  17960 , 17961 , 17962 , 17963 , 17964 , 17965 , 17966 , 17967 
dw  17968 , 17969 , 17970 , 17971 , 17972 , 17973 , 17974 , 17975 
dw  17976 , 17977 , 17978 , 17979 , 18240 , 18241 , 18242 , 18243 
dw  18244 , 18245 , 18246 , 18247 , 18248 , 18249 , 18250 , 18251 
dw  18252 , 18253 , 18254 , 18255 , 18256 , 18257 , 18258 , 18259 
dw  18260 , 18261 , 18262 , 18263 , 18264 , 18265 , 18266 , 18267 
dw  18268 , 18269 , 18270 , 18271 , 18272 , 18273 , 18274 , 18275 
dw  18276 , 18277 , 18278 , 18279 , 18280 , 18281 , 18282 , 18283 
dw  18284 , 18285 , 18286 , 18287 , 18288 , 18289 , 18290 , 18291 
dw  18292 , 18293 , 18294 , 18295 , 18296 , 18297 , 18298 , 18299 
dw  18560 , 18561 , 18562 , 18563 , 18564 , 18565 , 18566 , 18567 
dw  18568 , 18569 , 18570 , 18571 , 18572 , 18573 , 18574 , 18575 
dw  18576 , 18577 , 18578 , 18579 , 18580 , 18581 , 18582 , 18583 
dw  18584 , 18585 , 18586 , 18587 , 18588 , 18589 , 18590 , 18591 
dw  18592 , 18593 , 18594 , 18595 , 18596 , 18597 , 18598 , 18599 
dw  18600 , 18601 , 18602 , 18603 , 18604 , 18605 , 18606 , 18607 
dw  18608 , 18609 , 18610 , 18611 , 18612 , 18613 , 18614 , 18615 
dw  18616 , 18617 , 18618 , 18619 , 18880 , 18881 , 18882 , 18883 
dw  18884 , 18885 , 18886 , 18887 , 18888 , 18889 , 18890 , 18891 
dw  18892 , 18893 , 18894 , 18895 , 18896 , 18897 , 18898 , 18899 
dw  18900 , 18901 , 18902 , 18903 , 18904 , 18905 , 18906 , 18907 
dw  18908 , 18909 , 18910 , 18911 , 18912 , 18913 , 18914 , 18915 
dw  18916 , 18917 , 18918 , 18919 , 18920 , 18921 , 18922 , 18923 
dw  18924 , 18925 , 18926 , 18927 , 18928 , 18929 , 18930 , 18931 
dw  18932 , 18933 , 18934 , 18935 , 18936 , 18937 , 18938 , 18939 
