00000000000000000000000000000000000000000000000000000000000000000000000000000000
00000000000000000000000000000000000000000000000000000000000000000000000000000000
00099999999999999999999999999999999999999999999999999999999999999999999999999000
00990000000000000000000000000000000000000000000000000000000000000000000000009900
00900000999999999099999999009990099999999909990009990999000999099999999000000900
00900000999000000099900099909990000099900009990009990999000999099900099900000900
00900000999990000099999999009990000099900009990009990999000999099999999000000900
00900000999000000099900099909990000099900009990009990999000999099900099900000900
00900000999900000099990099909999000099990009999009990999900999099990099900000900
00900000999900000099990099909999000099990009999009990999900999099990099900000900
00900000999900000099990099909999000099990009999009990999900999099990099900000900
00900000999900000099990099909999000099990000999999900099999990099990099900000900
00900000000000000000000000000000000000000000000000000000000000000000000000000900
00900000000000009990009990999999990009999999000999999900999000990000000000000900
00900000000000009990009990999000999099900099909990009990999909990000000000000900
00900000000000009999999900999999990099999999909999999990999090990000000000000900
00900000000000009990009990999000999099900099909990009990999000990000000000000900
00900000000000009999009990999900999099990099909999009990999900990000000000000900
00900000000000009999009990999900999099990099909999009990999900990000000000000900
00900000000000009999009990999900999099990099909999009990999900990000000000000900
00900000000000009999009990999900999099990099909999009990999900990000000000000900
00990000000000000000000000000000000000000000000000000000000000000000000000009900
00099999999999999999999999999999999999999999999999999999999999999999999999999000
00000000000000000000000000000000000000000000000000000000000000000000000000000000
00000000000000000000000000000000000000000000000000000000000000000000000000000000
00000000000000000000000000000000000000000000000000000000000000000000000000000000
00000000000000000000000000000000000000000000000000000000000000000000000000000000
00000000000000000000099099099999000999909909909999909909900000000000000000000000
00000000000000000000099099099000009900009909909900009909900000000000000000000000
00000000000000000000099099099900009999909909909900009999000000000000000000000000
00000000000000000000099999099000000009909909909900009909909900000000000000000000
00000000000000000000099099009999009999000999000999909909909900000000000000000000
00000000000000000000000000000000000000000000000000000000000900000000000000000000
00000000000000000000000000000000000000000000000000000000000000000000000000000000
00000000999900990990999900099990999909909900099000099099009990099099099999000000
00000000990990990990099000990000099009909900099000099099099099099099099000000000
00000000999900990990099000999990099009909900099000099999099999099099099900000000
00000000990990990990099000000990099009909900099000099099099099099099099000000000
00000000999990099900099000999900099009909999099990099099099099009990009999000000
00000000000000000000000000000000000000000000000000000000000000000000000000000000
00000000000000000000000000000000000000000000000000000000000000000000000000000000
00000000000000000000099900099990099009999009999900999900999900000000000000000000
00000000000000000000990990099099099099000009900009900009909900000000000000000000
00000000000000000000999990099990099099099009990009909909909900000000000000000000
00000000000000000000990990099099099099099009900009909909909900000000000000000000
00000000000000000000990990099999099099990000999909999009999000000000000000000000
00000000000000000000000000000000000000000000000000000000000000000000000000000000
00000000000000000000000000000000000000000000000000000000000000000000000000000000
00000000000000000000000000000000000000000000000000000000000000000000000000000000
00000000000000000000000000000000000000000000000000000000000000000000000000000000
00000000000000000000000000000000000000000000000000000000000000000000000000000000
