salt
0 0 0
63 63 63
28 28 28
45 45 45

53 8 35
30 8 40
8 35 53
8 53 58
8 53 35

0 29 32
63 63 63
40 40 40
0 0 0
0

maxx
37 9 7
0 18 30
58 33 6
12 44 59

8 44 38
56 26 27
26 20 37
40 40 27
63 63 63

0 29 32
63 63 63
40 40 40
0 0 0

0.0

maxx2

59 56 9
37 51 21
52 11 13
0 40 49

2 2 2
16 16 16
32 32 32
48 48 48
63 63 63

0 13 26
63 63 63
40 40 40
0 0 0
0.2


bine
62 63 30
32 63 22
22 55 38
62 47 30

10 0 26
0 2 32
24 14 62
0 2 48
28 42 62

26 0 20
63 63 63
40 40 40
0 0 0
0.2

bine2
42 0 0
0 28 14
0 0 28
44 50 26

46 0 62
62 0 46
62 45 58
62 31 62
28 0 28

26 0 20
63 63 63
40 40 40
0 0 0
0.2

bine3
0 0 28
20 21 62
0 0 42
30 47 62

16 63 0
30 63 46
0 28 6
0 42 0
28 43 28

26 0 20
63 63 63
40 40 40
0 0 0

0.2

bine4
62 0 0
16 63 0
62 63 0
20 21 62

20 20 20
0 0 0
36 36 36
50 50 50
63 63 63

26 0 20
63 63 63
40 40 40
0 0 0

0.2

eddy
0 0 0
63 63 63
0 7 63
0 63 63


0 23 31
0 47 31
0 23 63
0 47 63
0 31 63

0 25 63 
63 63 63
50 50 50
0 0 0

0.2

anti
33 20 63
20 43 60
20 20 50
43 43 63

33 10 10
48 25 25
53 10 10
58 25 25
63 15 15

20 10 30
63 63 63
40 40 40
0 0 0
0.2

anti2
25 63 25
63 55  5
25 50 63
63 43 25

 2 15 10
10  0 35
35  8 17
55 20  2
30 10  5

49 42 40
63 63 63
40 40 40
0 0 0
0.2

