scal
120

object
sphere

scal
0.02

coords
0 0 5
0 0 5
0 0 5
0 0 5
0 0 5
0 0 5
0 0 5
0 0 5
0 12 32
9 9 32
12 0 32
9 -9 32
0 -12 32
-9 -9 32
-12 0 32
-9 9 32
0 25 12
18 18 12
25 0 12
18 -18 12
0 -25 12
-18 -18 12
-25 0 12
-18 18 12
0 25 -12
18 18 -12
25 0 -12
18 -18 -12
0 -25 -12
-18 -18 -12
-25 0 -12
-18 18 -12
0 12 -32
9 9 -32
12 0 -32
9 -9 -32
0 -12 -32
-9 -9 -32
-12 0 -32
-9 9 -32
0 0 -5
0 0 -5
0 0 -5
0 0 -5
0 0 -5
0 0 -5
0 0 -5
0 0 -5

faces
1 9 10
2 10 11
3 11 12
4 12 13
5 13 14
6 14 15
7 15 16
8 16 9
9 17 18 10
10 18 19 11
11 19 20 12
12 20 21 13
13 21 22 14
14 22 23 15
15 23 24 16
16 24 17 9
17 25 26 18
18 26 27 19
19 27 28 20
20 28 29 21
21 29 30 22
22 30 31 23
23 31 32 24
24 32 25 17
25 33 34 26
26 34 35 27
27 35 36 28
28 36 37 29
29 37 38 30
30 38 39 31
31 39 40 32
32 40 33 25
33 42 34
34 43 35
35 44 36
36 45 37
37 46 38
38 47 39
39 48 40
40 41 33

objend


