113344
113248   37070
112848   37522
112816   37085
112720   37098
112576   37087
112560   37090
112320   37001
112272   36991
112240   36985
112000   36903
112000   36882
124016   38985

--------------
122704   39004
122528   38924
122352   38880
122224   38817
122096   38771
121696   38707
121712   38705
121584   38676
121312   38677
120368   38609
119776   38478
119792   38482
119376   38293
119328
118848   38113
118736   38110
118192   38068
117984   38088
117632   38011
117328   38059
117088   38019
117072   38016
117376   37995
117328   37973
117200   37924
117104   37914
117056   37889
117120   37935
117072   37883
116960   37840
115824   37770
116224   37769
116000   37733
110496   36819
97824    34181
97024    33933
96048    33843
         34408
96144    34379
96064    34365
95968    34345
95840    34305
95680    34275
------------------------
Raw      UPX      FpS
------------------------
93024    33842   (262)
92784    33763   (264)
----------------
91616    33640
91552    33645
93296    34600
93232    34571
93088    34520
92416    34349
92416    34387
90464    33823
90464    33882
90432    33862
89520    33468

------
93616    34200


-------- FINAL -----
91456    33841
89184    33342
88912    33322
88592    33204
88528    33194
88384    33162
88384    33165
88224    33160
88096    33158
87904    33042
88736    32892
88672    32864
88672    32858
88688    32882
90400    32885
90368    32868
90208    32862

90112    32912